1158198564462110
1160315837260076
1160315837407223
1160315837507067
1160315838062110
1160315838107155
2160315837288104
2160315837386202
2160315837550110
2160315837630190
2160315837687247
2160315838002050
3158198684835163
3159602711575023
3159602831543183
3160315837746050
3160315837928232
3160315837979027
3160315838042090
3160315838319111
4158198775498202
4159607536721081
4159607536766126
4160315837483043
4160315837770074
4160315837849153
4160315837879183
4160315838223015
5160315837361177
5160315837529089
5160315837824128
5160315838130178
5160315838246038
5160315838378170
6159607536825185
6160315837580140
6160315837657217
6160315837905209
6160315837950254
6160315838200248
6160315838268060
6160315838293085
6160315838360152
7160315837200016
7160315837603163
7160315837715019
7160315838153201
8159607536753113
8160206935000216
8160315837450010
8160315837796100
8160315838021069
8160315838087135
8160315838174222
9158198536020084
9159607536807167
9160315837428244
9160315838340132